# Created by Octave 4.0.0, Mon Jan 09 03:24:55 2017 CET <henrik@hk-desktop>
# name: X1
# type: matrix
# rows: 2
# columns: 40
 -0.01049306570205741 0.6825604078680172 0.2525308644638069 0.7526881109805657 -1.558954500581599 1.826148127997175 -0.6410075927890484 -1.758616214694364 0.1899077659495456 -0.07995888549765473 1.920398668817673 0.7323902480678133 -2.927387780095634 1.015738892940401 0.8610906884978999 0.9205175292925644 0.7009439242952331 -0.05807358981257427 1.844963239754306 -2.100146956589136 -0.00695364554833211 -1.505227162677909 -0.2526237332632855 -0.9357149086719507 -0.7361117188448316 1.688960081917231 -1.250534124444615 -0.1413749785853643 0.5166540431441523 0.6022085077270076 0.40757602207483 -1.272112647757578 -0.1235209518115248 0.5833250031379494 -0.3157909823783206 -0.03750388339658642 0.539200818911901 0.1189007606004452 -2.038097003831289 0.2885257142764172
 -0.5634103709918414 -1.961612288529563 0.8689297200398438 -0.02866446360933403 -1.950930299032767 1.371659446189279 1.722340201661836 1.298068753811657 0.08517852367115375 -0.7242803016567942 1.119374252278866 3.109493976645634 -2.177821648966603 -1.419608639409424 -0.4162495002605932 -0.5517219247384606 0.02747347415843082 1.284446239804086 2.084426859667353 2.491818843005607 -0.6308463569605167 0.2203985527203184 -0.1891240731359254 -0.4147953759251778 1.558981809553422 1.200107845929266 2.360117049514495 2.106111517403188 2.23539749782867 1.178738853146305 -0.9257287577357071 -1.27254004880554 -1.750598078685527 -0.9055880623321738 1.614847931681152 1.954331583054493 -0.3470284774070389 -2.235756878593444 -1.586802891204256 1.138927777267857


# name: X2
# type: matrix
# rows: 2
# columns: 40
 0.950601167509002 0.7445578530951942 3.554874535711459 -2.428273614543698 3.26787512492235 1.631414552914061 -2.442638540318441 0.2784016778798435 -3.772749627905293 -4.557270005319513 2.130438666296193 1.130567671857721 -1.630720737522352 -2.673347481513463 0.9360150864655004 -1.639517968862563 2.19898617355816 -0.4270340965096995 0.2793839398217582 -3.291209935936442 3.005584806974253 -1.926434821416683 1.257646446665971 -1.794003162907468 -3.925784461411138 0.4491761059494207 -4.939242586051797 3.156396545083069 -0.09762229433510505 -3.844466498968528 3.229796776735484 -2.878999360832112 1.679349739046624 -4.03852173102748 -3.391378463819125 3.066678898743095 -4.826707188468614 -3.375924756098297 -2.495034217651976 0.7412301154943218
 -3.431074313314861 2.378160705815444 -1.289297646579209 0.05667790349410495 -1.752551430724784 2.959926072756128 1.607136014980205 -1.934270881353899 -0.01475763323141188 0.05833130629953676 0.8062349369342694 -2.906007993052747 0.2331998493525395 -0.7520258642666457 1.427627603763014 -3.46850429370674 3.059175248553291 1.580289030123686 -1.46772277417037 2.699332003057247 0.8440084105544321 -2.306558093239066 -2.070195884143866 -1.570788116744588 2.048854929916411 2.200113099491239 1.007174211039845 3.290653296151653 -1.757048941389718 0.9111014432562206 2.623595792652501 1.694201448507899 -3.61014410439788 -1.145793443970921 0.8560981527887654 2.209601693935378 0.8360808382409961 2.559536373771879 -2.487458964543052 -4.538004035392656


# name: X3
# type: matrix
# rows: 2
# columns: 40
 4.88517284723804 0.8777160425128303 -4.722159322802717 -5.856122730112279 -3.843843824618578 5.154459873466942 6.026581825148785 4.128410199226689 5.322643973279272 -0.9353480144180741 2.944147244185983 -4.968580426062147 0.5878037098391985 -6.165770923235726 -3.034466382009986 -0.9979323630992105 6.380708582411299 6.915326196498304 3.068858932158049 1.972192203488517 4.566700850714906 2.697457241440273 -5.514105404836075 6.192003169225126 -3.654126774058757 4.515080546567392 -1.931204902148247 -4.057836067862739 -0.2215105586368022 3.999852041323302 -4.820488292242806 -2.28665474756635 4.943634198225078 6.022185182412599 3.054552468184854 1.285420897558355 -3.965191326182457 -6.47739573916759 4.225463904739393 1.597525665396223
 -2.889353508380459 5.573663021180681 -4.894540339869188 -0.69910455269542 -3.978885775385963 -0.1793093119840434 0.4833481556247629 4.015440416529307 -4.789819446495105 -4.483047479576252 -5.109136256210293 0.6621534105907088 -6.453188343922797 -4.143547198486428 4.480723874827373 4.875475585868347 1.306939454775097 2.579539605076018 3.539709133199113 -6.734412242791586 1.37108267431587 5.206549010867616 -1.648693320199961 -1.572675765434171 -2.837635129221633 -4.913777917556938 4.097561024070821 3.430155733279423 5.259663336129429 1.323383626350559 1.931933053812551 -5.450283341734097 -4.434348910630033 -0.6377908040600531 -6.547476811464384 -7.064263528323722 -6.337932762911317 -0.02311541871802814 1.909232337712041 4.668306993087133


