# Created by Octave 4.0.0, Sun Jan 08 23:10:45 2017 CET <henrik@hk-desktop>
# name: X1
# type: matrix
# rows: 2
# columns: 40
 0.408266282957033 2.765398340483899 0.0054501207986139 -2.32068517980429 -2.004944118917241 -0.5240350670861705 -0.7655092305166825 0.5847842002516408 2.327787075497461 -1.825649289784507 1.717819764626071 1.668171992987283 0.9048415986437079 1.693115378208917 0.2087518564798438 1.732860825037478 -1.695490522472181 0.1589113682205091 -1.715946250708976 -1.748051522179627 -2.614641899462137 0.4189529754641962 -1.108222166366741 -1.086198597984964 -1.272564272588012 0.3515900575421129 -2.380292048240199 -1.977156361501976 1.330360824054258 1.125925064574213 -1.007383451794849 1.6084247756967 -1.852786281101332 -0.5554794127642025 0.686362997121705 0.958452322498306 -1.325951168287635 0.9497334352838925 0.01815506350059165 -0.04424447910394158
 -0.2140232553265842 0.542878249974763 1.420675123255419 -0.6811303989021774 -0.8416010110402423 0.6880053701605775 -0.7026635207723081 0.3938424609560347 -0.734288538208026 0.1913031901186135 2.015906697070615 0.1895312744533129 0.1950453464959182 0.8508641160121021 -1.054420443294649 0.7115044344959167 0.0002679061889147016 0.8405484142030581 -1.703998525604342 -0.007306879594956683 -2.08125020657492 -0.8749236768324952 -1.257589694719901 1.073258867665502 -2.364323490999516 0.8831952732590473 0.47234311657754 1.702254014811819 1.346552669917722 1.72273300237311 0.01051808292521861 -1.78811258190734 -0.569014622551596 0.9640729445086907 0.9336242693879135 -0.4106650144979688 -0.8795828679676061 -3.878967186594522 0.7311129617010468 0.8204735353641666


# name: X2
# type: matrix
# rows: 2
# columns: 40
 1.058044188038041 0.5482323586916444 -2.204616757115687 0.771370274006225 2.517221836650582 3.346676505647023 -2.986587435675953 -1.640248204295367 -0.9810318646916012 1.497493799736818 -1.877135085872532 -1.819811944908824 2.241673474550432 1.114002885340769 4.460878439672639 -1.420141295270127 -0.6120346404901494 -3.212822572300642 1.536435249826452 -1.370170268062733 3.349988947268171 -3.048855581731475 -0.9383238017979332 -1.792954907806871 2.633479469391697 1.67134674390558 2.107427014512591 1.190208180714797 0.2408352004704377 -1.176749473177816 0.1422513004551473 1.374427856710989 -3.04019506798395 -0.2032199094678957 -0.9391996055680091 -0.4596322915717271 -2.204496552244817 2.027092330373379 -0.1947124796140718 -1.121490353781497
 -1.667849333573804 -2.324508061750663 -1.346502505494517 2.40597557721108 0.5845946268990223 0.3863578695644718 0.6456780610326092 -2.092092473285372 4.257321301912812 -1.115250783492399 0.7951991732630317 -2.543091209799054 -0.69655825332261 -3.783514946240282 0.4963120348666167 3.333994942338903 -2.824893060201728 1.707916276594489 -3.441772611563237 1.766257468735994 -0.3327079216995769 -1.842299078326529 -1.536500056473435 3.163526525974707 0.007651600470090725 3.93433671817059 0.8571283200838009 -2.744021961066693 3.314691439798136 -4.426397913785745 3.459279146160276 2.924516503124151 -1.690025679511563 4.592549443950921 -2.125597157517539 -4.620518203539355 0.6422118469105539 -1.140643752103846 1.556016276170215 -1.642630142885576


# name: X3
# type: matrix
# rows: 2
# columns: 40
 4.912019895253012 0.6903404711727253 -0.08930557445904763 -3.277773744267578 4.616968356190473 1.989638959391904 -6.587112390188931 4.921979650342486 1.550885318321886 5.419898651771766 0.2021318671706276 -3.660503171792425 5.430339990536384 -1.936523969483955 -3.21998481181085 -2.848874179783703 -3.293684142432503 5.426094570828739 0.5172807769688926 -6.265072362788064 -3.306378093624227 -2.999559750756843 6.54037220020526 -6.093629428154231 4.704337409563478 -5.9971449709333 0.641814927260549 -4.278295423145916 -4.960764900638495 -4.7441866742806 2.536830617586828 -6.882687636130847 -4.919412830035096 2.200279580303255 -0.1640615057952205 3.572269914367329 -1.631602455035055 -0.640997003070882 3.972699305249156 -3.30936662452578
 3.953721829983992 6.949478118817449 -7.25100959267684 4.430759220646634 -3.806760629417699 -6.314706069359433 -3.198014777160278 1.614833357115984 4.227681801784859 1.994229562519482 6.851864304253811 5.579116752099996 -2.877813110212391 6.296299680033608 2.95703261725038 4.963581120670603 -6.257570141702335 -0.3045609104016924 6.349066033352577 -1.898921872145811 7.274933550710378 -7.541589728220748 -0.3801388342764349 -2.115537693611997 0.6212323502755761 4.509510392823056 5.038705122267985 4.372399834321038 -1.37046623195382 5.535751957692447 -5.341036164610887 3.484816004673715 -2.183011335500193 5.242830730575566 8.152518616092662 -4.148301921211923 5.737232991583312 6.389538185885776 -3.767898239851579 3.664661379984464


